ancho hoja,alto hoja,ancho pliego,alto pliego,pliegos por hoja
95,65,65,47,5,2
95,65,65,31,6,3
95,65,47,5,32,5,4
95,65,47,5,21,6,6
95,65,32,5,31,6,6
95,65,41,3,23,7,6
95,65,32,5,23,7,8
95,65,31,6,21,6,9
95,65,23,7,21,6,12
95,65,23,7,16,2,16
95,65,23,7,13,20
95,65,21,6,19,15
95,65,21,6,15,8,18
102,72,72,51,2
102,72,72,34,3
102,72,51,36,4
102,72,51,24,6
102,72,36,34,6
102,72,46,5,25,5,6
102,72,36,25,5,8
102,72,34,24,9
102,72,25,5,24,12
102,72,25,5,18,16
102,72,25,5,14,4,20
102,72,24,20,4,15
102,72,24,12,18
88,63,63,44,2
88,63,63,29,3,3
88,63,44,51,5,4
88,63,44,21,6
88,63,31,5,29,3,6
88,63,41,22,6
88,63,31,5,22,8
88,63,29,3,21,9
88,63,22,21,12
88,63,22,15,7,16
88,63,22,12,6,20
88,63,21,17,6,15
88,63,21,14,6,18
92,72,72,46,2
92,72,72,30,6,3
92,72,46,36,4
92,72,46,24,6
92,72,36,30,6,6
92,72,49,23,6
92,72,36,23,8
92,72,30,6,24,9
92,72,23,24,12
92,72,23,18,16
92,72,23,14,4,20
92,72,24,18,4,15
92,72,24,15,3,18
110,74,74,55,2
110,74,55,37,4
110,74,55,24,6,6
110,74,36,6,37,6
110,74,46,5,27,5,6
110,74,37,27,5,8
110,74,36,6,24,6,9
110,74,27,5,24,6,12
110,74,27,5,18,5,16
110,74,27,5,14,8,20
110,74,24,6,22,15
110,74,24,6,18,3,18
